  0.000000000000000000D+00
  0.000000000000000000D+00
  0.000000000000000000D+00
  0.000000000000000000D+00
  0.000000000000000000D+00
  0.446536082347870610D-04
  0.446536082347870610D-04
  0.446536082347870610D-04
  0.446536082347870610D-04
  0.446536082347870610D-04
  0.446536082347870610D-04
  0.446536082347870610D-04
  0.446536082347870610D-04
  0.446536082347870610D-04
  0.446536082347870610D-04
  0.446536082347870610D-04
  0.446536082347870610D-04
  0.446536082347870610D-04
  0.446536082347870610D-04
  0.446536082347870610D-04
  0.446536082347870610D-04
  0.446536082347870610D-04
  0.446536082347870610D-04
  0.446536082347870610D-04
  0.264580281746060826D-03
  0.264580281746060826D-03
  0.264580281746060826D-03
  0.264580281746060826D-03
  0.264580281746060826D-03
  0.264580281746060826D-03
  0.264580281746060826D-03
  0.264580281746060826D-03
  0.264580281746060826D-03
  0.264580281746060826D-03
  0.264580281746060826D-03
  0.264580281746060826D-03
  0.264580281746060826D-03
  0.264580281746060826D-03
  0.264580281746060826D-03
  0.264580281746060826D-03
  0.264580281746060826D-03
  0.264580281746060826D-03
  0.264580281746060826D-03
  0.264580281746060826D-03
  0.264580281746060826D-03
  0.264580281746060826D-03
  0.264580281746060826D-03
  0.264580281746060826D-03
  0.264580281746060826D-03
  0.544512453310470141D-03
  0.544512453310470141D-03
  0.544512453310470141D-03
  0.544512453310470141D-03
  0.544512453310470141D-03
  0.544512453310470141D-03
  0.544512453310470141D-03
  0.544512453310470141D-03
  0.544512453310470141D-03
  0.544512453310470141D-03
  0.544512453310470141D-03
  0.544512453310470141D-03
  0.544512453310470141D-03
  0.544512453310470141D-03
  0.544512453310470141D-03
  0.544512453310470141D-03
  0.544512453310470141D-03
  0.544512453310470141D-03
  0.544512453310470141D-03
  0.544512453310470141D-03
  0.544512453310470141D-03
  0.544512453310470141D-03
  0.544512453310470141D-03
  0.544512453310470141D-03
  0.544512453310470141D-03
  0.544512453310470141D-03
  0.848884911293547621D-03
  0.848884911293547621D-03
  0.848884911293547621D-03
  0.848884911293547621D-03
  0.848884911293547621D-03
  0.848884911293547621D-03
  0.848884911293547621D-03
  0.848884911293547621D-03
  0.848884911293547621D-03
  0.848884911293547621D-03
  0.848884911293547621D-03
  0.848884911293547621D-03
  0.848884911293547621D-03
  0.848884911293547621D-03
  0.848884911293547621D-03
  0.848884911293547621D-03
  0.848884911293547621D-03
  0.848884911293547621D-03
  0.848884911293547621D-03
  0.848884911293547621D-03
  0.848884911293547621D-03
  0.848884911293547621D-03
  0.848884911293547621D-03
  0.848884911293547621D-03
  0.848884911293547621D-03
  0.848884911293547621D-03
  0.848884911293547621D-03
  0.116448789254280775D-02
  0.116448789254280775D-02
  0.116448789254280775D-02
  0.116448789254280775D-02
  0.116448789254280775D-02
  0.116448789254280775D-02
  0.116448789254280775D-02
  0.116448789254280775D-02
  0.116448789254280775D-02
  0.116448789254280775D-02
  0.116448789254280775D-02
  0.116448789254280775D-02
  0.116448789254280775D-02
  0.116448789254280775D-02
  0.116448789254280775D-02
  0.116448789254280775D-02
  0.116448789254280775D-02
  0.116448789254280775D-02
  0.116448789254280775D-02
  0.116448789254280775D-02
  0.116448789254280775D-02
  0.116448789254280775D-02
  0.116448789254280775D-02
  0.116448789254280775D-02
  0.116448789254280775D-02
  0.116448789254280775D-02
  0.116448789254280775D-02
  0.148563609697196716D-02
  0.148563609697196716D-02
  0.148563609697196716D-02
  0.148563609697196716D-02
  0.148563609697196716D-02
  0.148563609697196716D-02
  0.148563609697196716D-02
  0.148563609697196716D-02
  0.148563609697196716D-02
  0.148563609697196716D-02
  0.148563609697196716D-02
  0.148563609697196716D-02
  0.148563609697196716D-02
  0.148563609697196716D-02
  0.148563609697196716D-02
  0.148563609697196716D-02
  0.148563609697196716D-02
  0.148563609697196716D-02
  0.148563609697196716D-02
  0.148563609697196716D-02
  0.148563609697196716D-02
  0.148563609697196716D-02
  0.148563609697196716D-02
  0.148563609697196716D-02
  0.148563609697196716D-02
  0.148563609697196716D-02
  0.148563609697196716D-02
  0.148563609697196716D-02
  0.173842133777736465D-02
  0.173842133777736465D-02
  0.173842133777736465D-02
  0.173842133777736465D-02
  0.173842133777736465D-02
  0.173842133777736465D-02
  0.173842133777736465D-02
  0.173842133777736465D-02
  0.173842133777736465D-02
  0.173842133777736465D-02
  0.173842133777736465D-02
  0.173842133777736465D-02
  0.173842133777736465D-02
  0.173842133777736465D-02
  0.173842133777736465D-02
  0.173842133777736465D-02
  0.173842133777736465D-02
  0.173842133777736465D-02
  0.173842133777736465D-02
  0.173842133777736465D-02
  0.173842133777736465D-02
  0.173842133777736465D-02
  0.173842133777736465D-02
  0.173842133777736465D-02
  0.173842133777736465D-02
  0.173842133777736465D-02
  0.173842133777736465D-02
  0.173842133777736465D-02
  0.177365357692814787D-02
  0.177365357692814787D-02
  0.177365357692814787D-02
  0.177365357692814787D-02
  0.177365357692814787D-02
  0.177365357692814787D-02
  0.177365357692814787D-02
  0.177365357692814787D-02
  0.177365357692814787D-02
  0.177365357692814787D-02
  0.177365357692814787D-02
  0.177365357692814787D-02
  0.177365357692814787D-02
  0.177365357692814787D-02
  0.177365357692814787D-02
  0.177365357692814787D-02
  0.177365357692814787D-02
  0.177365357692814787D-02
  0.177365357692814787D-02
  0.177365357692814787D-02
  0.177365357692814787D-02
  0.177365357692814787D-02
  0.177365357692814787D-02
  0.177365357692814787D-02
  0.177365357692814787D-02
  0.177365357692814787D-02
  0.177365357692814787D-02
  0.177365357692814787D-02
  0.174239345233129488D-02
  0.174239345233129488D-02
  0.174239345233129488D-02
  0.174239345233129488D-02
  0.174239345233129488D-02
  0.174239345233129488D-02
  0.174239345233129488D-02
  0.174239345233129488D-02
  0.174239345233129488D-02
  0.174239345233129488D-02
  0.174239345233129488D-02
  0.174239345233129488D-02
  0.174239345233129488D-02
  0.174239345233129488D-02
  0.174239345233129488D-02
  0.174239345233129488D-02
  0.174239345233129488D-02
  0.174239345233129488D-02
  0.174239345233129488D-02
  0.174239345233129488D-02
  0.174239345233129488D-02
  0.174239345233129488D-02
  0.174239345233129488D-02
  0.174239345233129488D-02
  0.174239345233129488D-02
  0.174239345233129488D-02
  0.174239345233129488D-02
  0.174239345233129488D-02
  0.171549510773750147D-02
  0.171549510773750147D-02
  0.171549510773750147D-02
  0.171549510773750147D-02
  0.171549510773750147D-02
  0.171549510773750147D-02
  0.171549510773750147D-02
  0.171549510773750147D-02
  0.171549510773750147D-02
  0.171549510773750147D-02
  0.171549510773750147D-02
  0.171549510773750147D-02
  0.171549510773750147D-02
  0.171549510773750147D-02
  0.171549510773750147D-02
  0.171549510773750147D-02
  0.171549510773750147D-02
  0.171549510773750147D-02
  0.171549510773750147D-02
  0.171549510773750147D-02
  0.171549510773750147D-02
  0.171549510773750147D-02
  0.171549510773750147D-02
  0.171549510773750147D-02
  0.171549510773750147D-02
  0.171549510773750147D-02
  0.171549510773750147D-02
  0.171549510773750147D-02
  0.171549510773750147D-02
  0.171549510773750147D-02
  0.171549510773750147D-02
  0.171549510773750147D-02
  0.202113907775595437D-02
  0.202113907775595437D-02
  0.202113907775595437D-02
  0.202113907775595437D-02
  0.202113907775595437D-02
  0.202113907775595437D-02
  0.202113907775595437D-02
  0.202113907775595437D-02
  0.202113907775595437D-02
  0.202113907775595437D-02
  0.202113907775595437D-02
  0.202113907775595437D-02
  0.202113907775595437D-02
  0.202113907775595437D-02
  0.202113907775595437D-02
  0.202113907775595437D-02
  0.202113907775595437D-02
  0.202113907775595437D-02
  0.202113907775595437D-02
  0.202113907775595437D-02
  0.202113907775595437D-02
  0.202113907775595437D-02
  0.202113907775595437D-02
  0.202113907775595437D-02
  0.202113907775595437D-02
  0.202113907775595437D-02
  0.202113907775595437D-02
  0.202113907775595437D-02
  0.202113907775595437D-02
  0.202113907775595437D-02
  0.202113907775595437D-02
  0.202113907775595437D-02
  0.202113907775595437D-02
  0.202113907775595437D-02
  0.202113907775595437D-02
  0.202113907775595437D-02
  0.202113907775595437D-02
  0.202113907775595437D-02
  0.202113907775595437D-02
  0.202113907775595437D-02
  0.286702718488594625D-02
  0.286702718488594625D-02
  0.286702718488594625D-02
  0.286702718488594625D-02
  0.286702718488594625D-02
  0.286702718488594625D-02
  0.286702718488594625D-02
  0.286702718488594625D-02
  0.286702718488594625D-02
  0.286702718488594625D-02
  0.286702718488594625D-02
  0.286702718488594625D-02
  0.286702718488594625D-02
  0.286702718488594625D-02
  0.286702718488594625D-02
  0.286702718488594625D-02
  0.286702718488594625D-02
  0.286702718488594625D-02
  0.286702718488594625D-02
  0.286702718488594625D-02
  0.286702718488594625D-02
  0.286702718488594625D-02
  0.286702718488594625D-02
  0.286702718488594625D-02
  0.286702718488594625D-02
  0.286702718488594625D-02
  0.286702718488594625D-02
  0.286702718488594625D-02
  0.286702718488594625D-02
  0.286702718488594625D-02
  0.286702718488594625D-02
  0.286702718488594625D-02
  0.286702718488594625D-02
  0.286702718488594625D-02
  0.286702718488594625D-02
  0.286702718488594625D-02
  0.286702718488594625D-02
  0.286702718488594625D-02
  0.286702718488594625D-02
  0.286702718488594625D-02
  0.286702718488594625D-02
  0.286702718488594625D-02
  0.286702718488594625D-02
  0.286702718488594625D-02
  0.286702718488594625D-02
  0.286702718488594625D-02
  0.286702718488594625D-02
  0.286702718488594625D-02
  0.286702718488594625D-02
  0.286702718488594625D-02
  0.286702718488594625D-02
  0.286702718488594625D-02
  0.286702718488594625D-02
  0.286702718488594625D-02
  0.279633459459757315D-02
  0.279633459459757315D-02
  0.279633459459757315D-02
  0.279633459459757315D-02
  0.279633459459757315D-02
  0.279633459459757315D-02
  0.279633459459757315D-02
  0.279633459459757315D-02
  0.279633459459757315D-02
  0.279633459459757315D-02
  0.279633459459757315D-02
  0.279633459459757315D-02
  0.279633459459757315D-02
  0.279633459459757315D-02
  0.279633459459757315D-02
  0.279633459459757315D-02
  0.279633459459757315D-02
  0.279633459459757315D-02
  0.279633459459757315D-02
  0.279633459459757315D-02
  0.279633459459757315D-02
  0.279633459459757315D-02
  0.279633459459757315D-02
  0.279633459459757315D-02
  0.279633459459757315D-02
  0.279633459459757315D-02
  0.279633459459757315D-02
  0.279633459459757315D-02
  0.279633459459757315D-02
  0.279633459459757315D-02
  0.279633459459757315D-02
  0.279633459459757315D-02
  0.279633459459757315D-02
  0.279633459459757315D-02
  0.279633459459757315D-02
  0.279633459459757315D-02
  0.279633459459757315D-02
  0.279633459459757315D-02
  0.279633459459757315D-02
  0.279633459459757315D-02
  0.279633459459757315D-02
  0.279633459459757315D-02
  0.279633459459757315D-02
  0.279633459459757315D-02
  0.198748168752516715D-02
  0.198748168752516715D-02
  0.198748168752516715D-02
  0.198748168752516715D-02
  0.198748168752516715D-02
  0.198748168752516715D-02
  0.198748168752516715D-02
  0.198748168752516715D-02
  0.198748168752516715D-02
  0.198748168752516715D-02
  0.198748168752516715D-02
  0.198748168752516715D-02
  0.198748168752516715D-02
  0.198748168752516715D-02
  0.198748168752516715D-02
  0.198748168752516715D-02
  0.198748168752516715D-02
  0.198748168752516715D-02
  0.198748168752516715D-02
  0.198748168752516715D-02
  0.198748168752516715D-02
  0.198748168752516715D-02
  0.198748168752516715D-02
  0.198748168752516715D-02
  0.198748168752516715D-02
  0.198748168752516715D-02
  0.198748168752516715D-02
  0.198748168752516715D-02
  0.198748168752516715D-02
  0.198748168752516715D-02
  0.198748168752516715D-02
  0.198748168752516715D-02
  0.198748168752516715D-02
  0.198748168752516715D-02
  0.198748168752516715D-02
  0.198748168752516715D-02
  0.198748168752516715D-02
  0.198748168752516715D-02
  0.198748168752516715D-02
  0.198748168752516715D-02
  0.198748168752516715D-02
  0.198748168752516715D-02
  0.198748168752516715D-02
  0.198748168752516715D-02
  0.160720534086875467D-02
  0.160720534086875467D-02
  0.160720534086875467D-02
  0.160720534086875467D-02
  0.160720534086875467D-02
  0.160720534086875467D-02
  0.160720534086875467D-02
  0.160720534086875467D-02
  0.160720534086875467D-02
  0.160720534086875467D-02
  0.160720534086875467D-02
  0.160720534086875467D-02
  0.160720534086875467D-02
  0.160720534086875467D-02
  0.160720534086875467D-02
  0.160720534086875467D-02
  0.160720534086875467D-02
  0.160720534086875467D-02
  0.160720534086875467D-02
  0.160720534086875467D-02
  0.160720534086875467D-02
  0.160720534086875467D-02
  0.160720534086875467D-02
  0.160720534086875467D-02
  0.160720534086875467D-02
  0.160720534086875467D-02
  0.160720534086875467D-02
  0.160720534086875467D-02
  0.160720534086875467D-02
  0.160720534086875467D-02
  0.160720534086875467D-02
  0.160720534086875467D-02
  0.160720534086875467D-02
  0.160720534086875467D-02
  0.160720534086875467D-02
  0.160720534086875467D-02
  0.160720534086875467D-02
  0.160720534086875467D-02
  0.160720534086875467D-02
  0.160720534086875467D-02
  0.160720534086875467D-02
  0.160720534086875467D-02
  0.160720534086875467D-02
  0.160720534086875467D-02
  0.154715228534717925D-02
