1.00000000e-08 0.00000000e+00
1.01270207e-02 0.00000000e+00
2.00054563e-02 0.00000000e+00
3.01917052e-02 0.00000000e+00
4.01487971e-02 0.00000000e+00
5.01455799e-02 0.00000000e+00
6.02028662e-02 0.00000000e+00
7.01599209e-02 0.00000000e+00
8.02054253e-02 0.00000000e+00
9.02702098e-02 0.00000000e+00
1.00293953e-01 0.00000000e+00
1.10225828e-01 0.00000000e+00
1.20021428e-01 0.00000000e+00
1.30017951e-01 0.00000000e+00
1.40201054e-01 0.00000000e+00
1.50183499e-01 0.00000000e+00
1.60312719e-01 0.00000000e+00
1.70199650e-01 0.00000000e+00
1.80202177e-01 0.00000000e+00
1.90314565e-01 0.00000000e+00
2.00135110e-01 0.00000000e+00
2.10042105e-01 0.00000000e+00
2.20034182e-01 0.00000000e+00
2.30108401e-01 0.00000000e+00
2.40262451e-01 0.00000000e+00
2.50080036e-01 0.00000000e+00
2.60374474e-01 0.00000000e+00
2.70321067e-01 0.00000000e+00
2.80324576e-01 0.00000000e+00
2.90380744e-01 0.00000000e+00
3.00065405e-01 0.00000000e+00
3.10215370e-01 0.00000000e+00
3.20410568e-01 0.00000000e+00
3.30217193e-01 0.00000000e+00
3.40061939e-01 0.00000000e+00
3.50378059e-01 0.00000000e+00
3.60299991e-01 0.00000000e+00
3.70258412e-01 0.00000000e+00
3.80248841e-01 0.00000000e+00
3.90268362e-01 0.00000000e+00
4.00315369e-01 0.00000000e+00
4.10388481e-01 0.00000000e+00
4.20046238e-01 0.00000000e+00
4.30165159e-01 0.00000000e+00
4.40305712e-01 0.00000000e+00
4.50021895e-01 0.00000000e+00
4.60207004e-01 0.00000000e+00
4.70413521e-01 0.00000000e+00
4.80196066e-01 0.00000000e+00
4.90441063e-01 0.00000000e+00
5.00259036e-01 0.00000000e+00
5.10092279e-01 0.00000000e+00
5.20384413e-01 0.00000000e+00
5.30243232e-01 0.00000000e+00
5.40112596e-01 0.00000000e+00
5.50445614e-01 0.00000000e+00
5.60337952e-01 0.00000000e+00
5.70243434e-01 0.00000000e+00
5.80163276e-01 0.00000000e+00
5.90096535e-01 0.00000000e+00
6.00040595e-01 0.00000000e+00
6.10444019e-01 0.00000000e+00
6.20407227e-01 0.00000000e+00
6.30377942e-01 0.00000000e+00
6.40355416e-01 0.00000000e+00
6.50339161e-01 0.00000000e+00
6.60329047e-01 0.00000000e+00
6.70325329e-01 0.00000000e+00
6.80329518e-01 0.00000000e+00
6.90343009e-01 0.00000000e+00
7.00364643e-01 0.00000000e+00
7.10393441e-01 0.00000000e+00
7.20428424e-01 0.00000000e+00
7.30014526e-01 0.00000000e+00
7.40058254e-01 0.00000000e+00
7.50105741e-01 0.00000000e+00
7.60156818e-01 0.00000000e+00
7.70211621e-01 0.00000000e+00
7.80153691e-01 0.00000000e+00
7.90195666e-01 0.00000000e+00
8.00265882e-01 0.00000000e+00
8.10341299e-01 0.00000000e+00
8.20420881e-01 0.00000000e+00
8.30048898e-01 0.00000000e+00
8.40135588e-01 0.00000000e+00
8.50225020e-01 0.00000000e+00
8.60316368e-01 0.00000000e+00
8.70409834e-01 0.00000000e+00
8.80042441e-01 0.00000000e+00
8.90138351e-01 0.00000000e+00
9.00238241e-01 0.00000000e+00
9.10341737e-01 0.00000000e+00
9.20448666e-01 0.00000000e+00
9.30102373e-01 0.00000000e+00
9.40215631e-01 0.00000000e+00
9.50331082e-01 0.00000000e+00
9.60447466e-01 0.00000000e+00
9.70105280e-01 0.00000000e+00
9.80223051e-01 0.00000000e+00
9.90341384e-01 0.00000000e+00
1.00046047e+00 0.00000000e+00
1.01011799e+00 0.00000000e+00
1.02024282e+00 0.00000000e+00
1.03036935e+00 0.00000000e+00
1.04004053e+00 0.00000000e+00
1.05017163e+00 0.00000000e+00
1.06030397e+00 0.00000000e+00
1.07043641e+00 0.00000000e+00
1.08010951e+00 0.00000000e+00
1.09024216e+00 0.00000000e+00
1.10037468e+00 0.00000000e+00
1.11004292e+00 0.00000000e+00
1.12017745e+00 0.00000000e+00
1.13031349e+00 0.00000000e+00
1.14045174e+00 0.00000000e+00
1.15013334e+00 0.00000000e+00
1.16027498e+00 0.00000000e+00
1.17041684e+00 0.00000000e+00
1.18010056e+00 0.00000000e+00
1.19024266e+00 0.00000000e+00
1.20038424e+00 0.00000000e+00
1.21006175e+00 0.00000000e+00
1.22020251e+00 0.00000000e+00
1.23034316e+00 0.00000000e+00
1.24002515e+00 0.00000000e+00
1.25017135e+00 0.00000000e+00
1.26031781e+00 0.00000000e+00
1.27000717e+00 0.00000000e+00
1.28015535e+00 0.00000000e+00
1.29030316e+00 0.00000000e+00
1.30045075e+00 0.00000000e+00
1.31013628e+00 0.00000000e+00
1.32028225e+00 0.00000000e+00
1.33042784e+00 0.00000000e+00
1.34010932e+00 0.00000000e+00
1.35025671e+00 0.00000000e+00
1.36040592e+00 0.00000000e+00
1.37009729e+00 0.00000000e+00
1.38024840e+00 0.00000000e+00
1.39039969e+00 0.00000000e+00
1.40009190e+00 0.00000000e+00
1.41024254e+00 0.00000000e+00
1.42039225e+00 0.00000000e+00
1.43007809e+00 0.00000000e+00
1.44022613e+00 0.00000000e+00
1.45037387e+00 0.00000000e+00
1.46006121e+00 0.00000000e+00
1.47021261e+00 0.00000000e+00
1.48036496e+00 0.00000000e+00
1.49005962e+00 0.00000000e+00
1.50021283e+00 0.00000000e+00
1.51036560e+00 0.00000000e+00
1.52005774e+00 0.00000000e+00
1.53020908e+00 0.00000000e+00
1.54035926e+00 0.00000000e+00
1.55004452e+00 0.00000000e+00
1.56019350e+00 0.00000000e+00
1.57034451e+00 0.00000000e+00
1.58003651e+00 0.00000000e+00
1.59018993e+00 0.00000000e+00
1.60034392e+00 0.00000000e+00
1.61003957e+00 0.00000000e+00
1.62019323e+00 0.00000000e+00
1.63034621e+00 0.00000000e+00
1.64003665e+00 0.00000000e+00
1.65018752e+00 0.00000000e+00
1.66033771e+00 0.00000000e+00
1.67002328e+00 0.00000000e+00
1.68017470e+00 0.00000000e+00
1.69032775e+00 0.00000000e+00
1.70002246e+00 0.00000000e+00
1.71017673e+00 0.00000000e+00
1.72033123e+00 0.00000000e+00
1.73002621e+00 0.00000000e+00
1.74017938e+00 0.00000000e+00
1.75033168e+00 0.00000000e+00
1.76001974e+00 0.00000000e+00
1.77016993e+00 0.00000000e+00
1.78031973e+00 0.00000000e+00
1.79000867e+00 0.00000000e+00
1.80016153e+00 0.00000000e+00
1.81031570e+00 0.00000000e+00
1.82001168e+00 0.00000000e+00
1.83016592e+00 0.00000000e+00
1.84032011e+00 3.77418870e-97
1.85001333e+00 3.32540941e-94
1.86016535e+00 4.02983323e-91
1.87031657e+00 4.84817386e-88
1.88000241e+00 4.17039496e-85
1.89015182e+00 4.89163440e-82
1.90030335e+00 5.67602885e-79
1.91045604e+00 6.54044530e-76
1.92014920e+00 5.45920860e-73
1.93030384e+00 6.28467383e-70
1.94045858e+00 7.24588475e-67
1.95015337e+00 6.06489978e-64
1.96030675e+00 6.94398967e-61
1.97045965e+00 7.89191418e-58
1.98014794e+00 6.47692197e-55
1.99029810e+00 7.31647157e-52
2.00044802e+00 8.28545213e-49
2.01013404e+00 6.81123100e-46
2.02028681e+00 7.75159319e-43
2.03044041e+00 8.83330632e-40
2.04013498e+00 7.33446185e-37
2.05028946e+00 8.36520689e-34
2.06044371e+00 9.45952324e-31
2.07013676e+00 7.48264080e-28
2.08028888e+00 7.71537538e-25
2.09044034e+00 8.10169077e-22
2.10012594e+00 6.45975060e-19
2.11027517e+00 7.37278877e-16
2.12042511e+00 8.38011511e-13
2.13011480e+00 1.21263999e-11
2.14026832e+00 7.53280387e-11
2.15042239e+00 4.49494014e-10
2.16011717e+00 2.36397552e-09
2.17027098e+00 1.27893618e-08
2.18042433e+00 6.57123118e-08
2.19011482e+00 2.98709971e-07
2.20026543e+00 1.38803988e-06
2.21041546e+00 6.13334824e-06
2.22009899e+00 2.41795946e-05
2.23024937e+00 9.71754109e-05
2.24040077e+00 3.72881555e-04
2.25009297e+00 1.28912148e-03
2.26024680e+00 4.48741794e-03
2.27040076e+00 1.36178113e-02
2.28009469e+00 2.76151176e-02
2.29024742e+00 4.43995998e-02
2.30039945e+00 5.76314137e-02
2.31008690e+00 6.43581451e-02
2.32023624e+00 6.65638648e-02
2.33038512e+00 6.66352977e-02
2.34007007e+00 6.65873004e-02
2.35022176e+00 6.66405596e-02
2.36037441e+00 6.65881715e-02
2.37007298e+00 6.66237916e-02
2.38028717e+00 6.66293925e-02
2.39038716e+00 6.66044074e-02
2.40013773e+00 6.66293006e-02
2.41012651e+00 6.66341478e-02
2.42025508e+00 6.66171254e-02
2.43037621e+00 6.66382424e-02
2.44021296e+00 6.66498841e-02
2.45019071e+00 6.66574149e-02
2.46030695e+00 6.68181945e-02
2.47006738e+00 6.75957310e-02
2.48045708e+00 7.25859206e-02
2.49047777e+00 9.36834348e-02
2.50021085e+00 1.28137563e-01
2.51021724e+00 1.59019531e-01
2.52023939e+00 2.31753216e-01
2.53022227e+00 3.24208551e-01
2.54022330e+00 3.65795171e-01
2.55022439e+00 3.64839645e-01
2.56022547e+00 3.71110930e-01
2.57022656e+00 3.73307089e-01
2.58022765e+00 3.77064127e-01
2.59022873e+00 3.76074148e-01
2.60022982e+00 3.76781796e-01
2.61023091e+00 3.78379932e-01
2.62023200e+00 3.76585073e-01
2.63023308e+00 3.77636077e-01
2.64023417e+00 3.78020547e-01
2.65023526e+00 3.76835012e-01
2.66023635e+00 3.77846269e-01
2.67023744e+00 3.77720663e-01
2.68023853e+00 3.77092743e-01
2.69023961e+00 3.77798874e-01
2.70024070e+00 3.77590811e-01
2.71024179e+00 3.77244492e-01
2.72024288e+00 3.77719750e-01
2.73024397e+00 3.77516080e-01
2.74024506e+00 3.77372374e-01
2.75024615e+00 3.78138379e-01
2.76024727e+00 3.79154494e-01
2.77024856e+00 3.80415981e-01
2.78025050e+00 3.81425682e-01
2.79025465e+00 3.81673963e-01
2.80026563e+00 3.81833648e-01
2.81029436e+00 3.82042811e-01
2.82036503e+00 3.82014432e-01
2.83051901e+00 3.81973967e-01
2.84001879e+00 3.82103509e-01
2.85051294e+00 3.82032771e-01
2.86043438e+00 3.82012287e-01
2.87048179e+00 3.82075389e-01
2.88053311e+00 3.82047524e-01
2.89058528e+00 3.82013760e-01
2.90064038e+00 3.82071738e-01
2.91070447e+00 3.82057102e-01
2.92079359e+00 3.82054406e-01
2.93009303e+00 3.82259930e-01
2.94034826e+00 3.82455178e-01
2.95079708e+00 3.82447410e-01
2.96061337e+00 3.82471093e-01
2.97069139e+00 3.82474864e-01
2.98004839e+00 3.82451264e-01
2.99045812e+00 3.82489903e-01
3.00000490e+00 3.82462784e-01
3.01051859e+00 3.82464875e-01
3.02007751e+00 3.82488896e-01
3.03059490e+00 3.82463545e-01
3.04016135e+00 3.82478203e-01
3.05069564e+00 3.82480233e-01
3.06028777e+00 3.82475641e-01
3.07086277e+00 3.82514012e-01
3.08051304e+00 3.82521644e-01
3.09023048e+00 3.82508842e-01
3.10006485e+00 3.82519218e-01
3.11007811e+00 3.82508830e-01
3.12034802e+00 3.82513859e-01
3.13096783e+00 3.82511785e-01
3.14086856e+00 3.82507319e-01
3.15085149e+00 3.82515325e-01
3.16084262e+00 3.82508979e-01
3.17084277e+00 3.82510646e-01
3.18085633e+00 3.82514962e-01
3.19089252e+00 3.82509257e-01
3.20095945e+00 3.82513742e-01
3.21108096e+00 3.82516682e-01
3.22017019e+00 3.82513896e-01
3.23058004e+00 3.82519899e-01
3.24008355e+00 3.82519569e-01
3.25117917e+00 3.82517706e-01
3.26021081e+00 3.82521304e-01
3.27109819e+00 3.82519654e-01
3.28125178e+00 3.82518255e-01
3.29036177e+00 3.82520165e-01
3.30100218e+00 3.82519302e-01
3.31011281e+00 3.82518810e-01
3.32073699e+00 3.82520667e-01
3.33136035e+00 3.82520988e-01
3.34046508e+00 3.82520269e-01
3.35108717e+00 3.82520524e-01
3.36016411e+00 3.82519871e-01
3.37051181e+00 3.82519327e-01
3.38047408e+00 3.82519400e-01
3.39002310e+00 3.82517231e-01
3.40046976e+00 3.82514434e-01
3.41048814e+00 3.82512008e-01
3.42013891e+00 3.82508115e-01
3.43061967e+00 3.82497031e-01
3.44075677e+00 3.82476164e-01
3.45059360e+00 3.82435703e-01
3.46016752e+00 3.82368463e-01
3.47053324e+00 3.82227541e-01
3.48064574e+00 3.81987138e-01
3.49053297e+00 3.81598620e-01
3.50021865e+00 3.80905397e-01
3.51066517e+00 3.79623325e-01
3.52091851e+00 3.77730645e-01
3.53010170e+00 3.75363546e-01
3.54009133e+00 3.72066261e-01
3.55001615e+00 3.68063195e-01
3.56083020e+00 3.63071161e-01
3.57074416e+00 3.57727436e-01
3.58065593e+00 3.51870703e-01
3.59055826e+00 3.45575684e-01
3.60044689e+00 3.39247478e-01
3.61033033e+00 3.33284670e-01
3.62021556e+00 3.27828181e-01
3.63010146e+00 3.23198425e-01
3.64088505e+00 3.19282079e-01
3.65076962e+00 3.16646757e-01
3.66063698e+00 3.14642248e-01
3.67049259e+00 3.12647231e-01
3.68034719e+00 3.10250068e-01
3.69019839e+00 3.07232691e-01
3.70004184e+00 3.03584348e-01
3.71076709e+00 2.98762631e-01
3.72058936e+00 2.93092475e-01
3.73040986e+00 2.86004848e-01
3.74022975e+00 2.78366629e-01
3.75004928e+00 2.70855718e-01
3.76076117e+00 2.64126211e-01
3.77058024e+00 2.59918282e-01
3.78039932e+00 2.55839965e-01
3.79021824e+00 2.52938269e-01
3.80003553e+00 2.52872060e-01
3.81074344e+00 2.52708918e-01
3.82055829e+00 2.52786281e-01
3.83037303e+00 2.52721372e-01
3.84018737e+00 2.52755354e-01
3.85000148e+00 2.52706640e-01
3.86070754e+00 2.52706359e-01
3.87052108e+00 2.52708853e-01
3.88033456e+00 2.52677307e-01
3.89014804e+00 2.52688792e-01
3.90085375e+00 2.52687944e-01
3.91066729e+00 2.52647641e-01
3.92048060e+00 2.52681437e-01
3.93029376e+00 2.52654403e-01
3.94010688e+00 2.52640419e-01
3.95081210e+00 2.52655040e-01
3.96062525e+00 2.52628559e-01
3.97043839e+00 2.52601615e-01
3.98025150e+00 2.52618775e-01
3.99006456e+00 2.52538619e-01
4.00076967e+00 2.52517900e-01
4.01058264e+00 2.52427649e-01
4.02039558e+00 2.52316370e-01
4.03020851e+00 2.52153813e-01
4.04002142e+00 2.51967020e-01
4.05072639e+00 2.51671628e-01
4.06053924e+00 2.51312944e-01
4.07035206e+00 2.50854909e-01
4.08016484e+00 2.50106707e-01
4.09086966e+00 2.48969872e-01
4.10068240e+00 2.47480366e-01
4.11049517e+00 2.45297026e-01
4.12030800e+00 2.42399654e-01
4.13012091e+00 2.38621698e-01
4.14082601e+00 2.33564328e-01
4.15063912e+00 2.28386473e-01
4.16045228e+00 2.22737374e-01
4.17026550e+00 2.16676179e-01
4.18007877e+00 2.10467195e-01
4.19078422e+00 2.03637078e-01
4.20059761e+00 1.97593771e-01
4.21041102e+00 1.92025161e-01
4.22022443e+00 1.87080238e-01
4.23003784e+00 1.82247157e-01
4.24074340e+00 1.75436434e-01
4.25055683e+00 1.68792945e-01
4.26037026e+00 1.62221318e-01
4.27018365e+00 1.55832647e-01
4.28088914e+00 1.48901976e-01
4.29070246e+00 1.42913548e-01
4.30051576e+00 1.37607085e-01
4.31032904e+00 1.34600040e-01
4.32014232e+00 1.33587060e-01
4.33084777e+00 1.31233683e-01
4.34066115e+00 1.27003664e-01
4.35047460e+00 1.21252829e-01
4.36028810e+00 1.13975221e-01
4.37010159e+00 1.07004502e-01
4.38080708e+00 1.01006050e-01
4.39062018e+00 9.41664327e-02
4.40043281e+00 8.78001747e-02
4.41024485e+00 8.19788805e-02
4.42005652e+00 7.60277120e-02
4.43076017e+00 6.92434187e-02
4.44057181e+00 6.32687092e-02
4.45038335e+00 5.72610827e-02
4.46019478e+00 5.17640966e-02
4.47000614e+00 4.72068389e-02
4.48070946e+00 4.40706926e-02
4.49052084e+00 4.29121803e-02
4.50033219e+00 4.27146058e-02
4.51014352e+00 4.26025524e-02
4.52084674e+00 4.23507644e-02
4.53065799e+00 4.20818625e-02
4.54046922e+00 4.17477741e-02
4.55028045e+00 4.13606732e-02
4.56009165e+00 4.10491755e-02
4.57079477e+00 4.08273125e-02
4.58060605e+00 4.06966287e-02
4.59041746e+00 4.06906744e-02
4.60022894e+00 4.06857853e-02
4.61004045e+00 4.06448794e-02
4.62074398e+00 4.06815060e-02
4.63055561e+00 4.06292574e-02
4.64036729e+00 4.06359312e-02
4.65017903e+00 4.06334020e-02
4.66088281e+00 4.06074300e-02
4.67069471e+00 4.06143111e-02
4.68050669e+00 4.06081967e-02
4.69031873e+00 4.05987891e-02
4.70013082e+00 4.05437617e-02
4.71083503e+00 4.00690540e-02
4.72064735e+00 3.85100708e-02
4.73045971e+00 3.62244811e-02
4.74027212e+00 3.54882639e-02
4.75008458e+00 3.55315421e-02
4.76078916e+00 3.50026386e-02
4.77060174e+00 3.49914750e-02
4.78041436e+00 3.45926935e-02
4.79022701e+00 3.45661232e-02
4.80003968e+00 3.43726958e-02
4.81074444e+00 3.43284652e-02
4.82055714e+00 3.42268903e-02
4.83036986e+00 3.42569871e-02
4.84018258e+00 3.42134427e-02
4.85088738e+00 3.41967190e-02
4.86070013e+00 3.42169561e-02
4.87051290e+00 3.41536268e-02
4.88032568e+00 3.41558632e-02
4.89013848e+00 3.41021866e-02
4.90084335e+00 3.40821466e-02
4.91065617e+00 3.40676203e-02
4.92046899e+00 3.40532016e-02
4.93028183e+00 3.40480795e-02
4.94009468e+00 3.40412963e-02
4.95079963e+00 3.39966566e-02
4.96061252e+00 3.38896571e-02
4.97042543e+00 3.37133853e-02
4.98023837e+00 3.35438115e-02
4.99005134e+00 3.34897832e-02
